11542
11543
11540
11541
11546
11547
11544
11545
11548
11549
5988
5989
5982
5983
5980
5981
5986
5987
5984
5985
12441
6796
6797
6794
6795
6792
6793
6790
6791
6798
6799
6294
270
271
272
273
274
275
276
277
278
279
12019
12018
12015
12014
12017
12016
12011
12010
12013
12012
10709
10708
9528
9529
9258
9259
9256
9257
9254
9255
9252
9253
9250
9251
10619
2143
10618
2142
3519
3518
3513
3512
3511
3510
3517
3516
3515
3514
2688
2689
2684
2685
2686
2687
2680
2681
2682
2683
99
98
11362
91
90
93
92
95
94
97
96
13058
13059
13052
13053
13050
13051
13056
13057
13054
13055
11664
12109
12643
10693
1177
1176
1175
1174
1173
1172
1171
1170
1179
1178
10580
11771
7188
876
877
7180
7181
7182
7183
7184
3432
7186
7187
623
875
622
872
1225
3435
12833
12832
12831
620
8549
870
8019
8018
8017
627
8015
871
8013
8012
8011
626
7456
4592
7454
7455
7452
625
7450
2036
624
4590
7458
7459
4591
4596
4849
4594
4595
10884
2749
10886
10887
10880
10881
10882
4845
10888
4598
12877
8291
4599
4734
8290
4735
8293
8292
2039
8295
4843
12876
4738
8294
4739
8297
8296
393
392
391
390
397
396
395
394
399
398
2309
2308
4729
4728
2301
2300
2303
2302
2305
2304
2307
2306
5847
5846
5845
5844
5843
5842
5841
5840
11281
11280
11283
11282
11285
11284
5849
5848
3748
3749
3746
3747
3744
3745
3742
3743
3740
3741
4620
4621
4622
4623
4624
4625
4626
4627
4628
4629
12778
11757
11756
11755
11754
11753
11752
11751
10467
10695
11759
11758
10465
12872
12242
10461
11991
12871
179
178
177
176
175
174
173
172
171
170
12243
12870
10513
10469
10390
10391
10392
10393
10394
10395
10396
10397
10398
10399
7218
7219
7210
7211
7212
7213
7214
7215
7216
7217
6217
6216
6215
6214
6213
6212
6211
6210
6219
6218
6819
6818
6811
6810
6813
6812
6815
6814
6817
6816
9757
9756
9755
9754
9753
9752
9751
9750
10574
10575
10576
10577
10570
10571
9759
9758
8913
11772
8848
8849
8840
8841
8842
8843
8844
8845
8846
8847
11849
8915
7669
7668
11509
12667
7661
7660
7663
7662
7665
7664
7667
7666
11844
11842
1768
1769
12664
1762
1763
1760
1761
1766
1767
1764
1765
692
693
690
691
696
697
694
695
11111
11110
698
699
11115
11114
1548
1549
8710
8711
8712
8713
8714
8715
8716
8717
8718
8719
11762
11763
11760
10043
5618
5619
9330
5612
5613
5610
5611
5616
5617
5614
5615
11764
12749
11765
7116
10253
12661
10312
11568
11569
12748
11560
11561
11562
11563
11564
11565
11566
11567
7118
10252
10696
9524
9525
9526
9527
9520
9521
9522
9523
6778
6779
6774
6775
6776
6777
6770
6771
6772
6773
9964
9965
9966
9967
9960
9961
9962
9963
9968
9969
3580
258
259
252
253
250
251
256
257
254
255
12039
4665
12033
12032
12031
12030
12037
12036
12035
12034
9508
9509
9502
9503
9500
9501
9506
9507
9504
9505
3689
3688
3683
3682
3681
3680
3687
3686
3685
3684
2518
2519
2514
2515
2516
2517
2510
2511
2512
2513
11489
3531
3530
3533
3532
3535
3534
3537
3536
5054
3538
5056
5057
5050
5051
5052
5053
10761
10760
10763
10762
10765
10764
10767
10766
10769
10768
12742
10439
13070
13071
12489
13073
13074
13075
13076
13077
10438
13079
10185
10184
10187
10186
10181
10180
10042
10182
10189
10188
1159
1158
1155
1154
1157
1156
1151
1150
1153
1152
8035
8034
8037
8036
8031
8030
8033
8032
8039
8038
12859
12858
8529
8528
8523
8522
8521
8520
8527
8526
8525
8524
8536
10623
10431
10388
12418
12104
10430
4299
4298
10169
4295
4294
4297
4296
4291
4290
4293
4292
10433
10168
11769
10974
10432
6368
12235
4749
4748
1324
12234
4743
4742
4741
4740
4747
4746
4745
4744
10435
12236
5869
5868
5865
5864
5867
5866
5861
5860
5863
5862
9006
8537
12233
12232
2183
2182
2181
2180
2187
2186
2185
2184
4606
4607
2189
2188
4602
4603
4600
4601
6907
6906
12239
6905
10437
12238
6904
6903
6902
151
150
153
152
155
154
157
156
159
158
6900
10436
8134
8135
8688
8689
12680
10827
6187
6186
6185
6184
6183
6182
6181
6180
6954
8133
6189
6188
2727
2726
2725
2724
2723
2722
2721
2720
10821
2729
2728
7236
7237
7234
7235
7232
7233
6955
7231
9199
9198
10374
10375
7948
7949
7238
7239
10563
11250
10562
10561
10560
6239
6238
6235
6234
6237
6236
6231
6230
6233
6232
10565
10564
10518
7815
9779
9778
9775
9774
9777
9776
7932
9770
9773
9772
8866
8867
8864
8865
8862
8863
8860
8861
8868
8869
818
819
12108
10699
810
811
812
813
814
815
816
817
12701
10698
10232
7819
1700
1701
5265
5264
1704
1705
1706
1707
1708
1709
2097
5269
5268
2096
10231
4574
4575
2093
4577
3959
11137
11136
11135
11134
7936
11132
11131
11130
11139
11138
3029
3028
3027
3026
3025
3024
3023
3022
3021
3020
12029
10237
8738
8739
8736
8737
8734
8735
8732
8733
8730
8731
10573
4198
4199
4196
4197
4194
4195
4192
4193
4190
4191
5670
5671
5672
5673
5674
5675
5676
5677
5678
5679
9395
10235
11640
9394
10234
473
6437
6436
6435
6434
6433
6432
6431
6430
8198
8199
12138
6439
6438
10690
10309
9391
6758
6759
6752
6753
6750
6751
6756
6757
6754
6755
9942
9943
9940
9941
9946
9947
9944
9945
9948
9949
9390
10692
10342
12051
12050
12053
12052
238
239
12057
12056
234
235
236
237
230
231
232
233
4680
10306
10694
8740
4681
10697
10798
10304
2538
2539
2532
2533
2530
2531
2536
2537
2534
2535
10799
12851
5078
5079
5072
5073
5070
5071
5076
5077
5074
5075
12850
9560
9561
939
938
9564
9565
9566
9567
933
932
931
930
937
936
935
934
5380
5381
5382
5383
5384
5385
5386
5387
5388
5389
11834
11835
11832
11833
11830
11831
10794
12852
13098
13099
13096
13097
13094
13095
13092
13093
13090
9398
12262
10795
12855
9519
12263
10796
797
796
795
794
793
792
791
790
9388
2145
799
798
2144
12260
10797
2415
12857
2414
1139
1138
2141
1133
1132
1131
1130
1137
1136
1135
1134
2419
12261
10790
4975
12856
7148
7149
7144
7145
7146
7147
7140
7141
7142
7143
12266
10791
2149
2148
8053
8052
8051
8050
8057
8056
8055
8054
8509
8508
8059
8058
12879
12267
10792
11999
10457
2882
2883
2880
2881
2886
2887
2884
2885
7492
1072
2888
2889
7496
7497
7494
7495
10793
11998
2
10456
12265
11168
10455
11169
3276
3277
1922
1923
10454
1924
3273
1926
11160
1927
11161
4761
4760
4763
4762
4765
4764
4767
4766
4769
4768
11249
11248
7189
11245
11244
11247
11246
11241
8767
11243
11242
5809
5808
5803
5802
5801
5800
5807
5806
5805
5804
1573
1572
1571
10346
11799
1570
11793
1577
11791
11790
11797
11796
11795
1576
7360
1575
1574
8023
11990
12314
4888
4889
10356
10357
2709
2708
10352
10353
4880
4881
4882
2706
2701
2700
2703
4887
7962
7963
7960
7961
7966
7967
7964
7965
9177
9176
7968
7969
9173
9172
9171
9170
11933
12745
6259
6258
12318
12744
6253
6252
6251
6250
6257
6256
6255
6254
10530
10531
10532
10533
10534
10535
10536
10537
10538
2411
12834
12740
8545
9719
9718
12743
8016
9713
9712
9711
475
9717
8547
9715
9714
3474
3475
3476
3477
3470
3471
3472
3473
8884
8541
838
839
3478
3479
8882
8540
10920
8543
8010
11623
10925
7457
8687
11288
11622
7453
9007
11431
5249
5248
1728
1729
1726
5244
5247
5246
1722
1723
1720
1721
13135
13134
13137
9004
13131
13130
13133
5626
9003
11621
13139
13138
9002
7931
9001
7930
9000
7933
3005
3004
3007
3006
3001
3000
3003
3002
7935
3009
3008
7934
1588
1589
7937
1582
1583
1580
1581
1586
1587
1584
1585
9106
5481
9107
8633
5480
9104
9105
9450
12128
9451
9452
5658
5659
5656
5657
5654
2416
5652
5653
5650
5651
11625
12481
11624
12486
6419
6418
6415
6414
6417
6416
6411
6410
6413
6412
7777
7776
7775
7774
7773
7772
7771
7770
12487
7779
7778
3917
3916
3915
3914
3913
3912
3911
3910
12414
3919
3918
6730
6731
6732
6733
6734
6735
6736
6737
6738
6739
12484
8318
8319
10885
10212
11629
3287
9929
12292
9920
9921
9922
9923
9924
9925
9926
9927
216
217
214
215
212
213
210
211
11628
10883
218
219
11577
6088
6089
6086
6087
6084
6085
6082
6083
6080
6081
11573
10889
12120
12830
12488
3649
3648
3647
3646
3645
3644
3643
3642
3641
3640
2550
2551
2552
2553
2554
2555
2556
2557
2558
2559
10329
12837
11476
11477
11474
11475
11472
11473
11470
11471
11478
11479
5010
5011
5012
5013
5014
5015
5016
5017
5018
5019
12836
4419
4418
4417
4416
4415
4414
4413
4412
4411
4410
10644
919
918
9548
9549
915
914
917
916
911
910
913
912
12127
10904
12208
12126
12209
12839
10828
11814
11815
11816
11817
11810
11811
11812
11813
11818
11819
12838
10645
7168
7169
7162
7163
7160
7161
7166
7167
7164
7165
8079
630
12899
11440
631
8071
8070
8073
8072
8075
632
8077
8076
10088
12206
1211
634
635
12165
8888
1214
12164
8637
1215
12167
1111
1110
1113
1112
1115
1114
1117
1440
1119
1118
12322
1449
1448
8889
4859
8636
2005
12200
4857
4584
2008
4854
8635
4581
12201
4580
4725
4583
4724
8268
4582
4727
8269
8634
4726
6914
4721
4720
8264
4723
4789
4788
4787
4786
4785
4722
4783
4782
4781
4780
5821
5820
5823
5822
5825
5824
5827
5826
5829
5828
11261
11260
11267
11266
11265
11264
10009
8632
6916
8631
10453
1182
10452
10451
10450
11287
10109
8630
11286
10108
199
198
195
194
197
196
191
190
193
192
11983
10459
10458
10101
10100
12798
12799
12792
12793
12790
11985
6912
12797
12794
12795
9155
9154
2769
2768
9151
9150
9153
9152
2763
2762
2761
2760
2767
2766
2765
2764
7908
7909
9489
9488
7900
7901
6913
7903
7904
7905
7906
7907
6271
6270
6273
6272
6275
6274
6277
6276
6279
6278
8883
1183
9731
9730
9733
9732
9735
9734
9737
9736
9739
9738
3452
3453
3450
3451
3456
3457
3454
3455
3458
3459
858
859
6
11993
10586
8905
9384
11851
11852
5229
5228
5223
5222
5221
5220
5227
5226
5225
5224
13113
13112
13111
13110
13117
11856
13115
13114
13119
4588
3063
3062
3061
3060
3067
3066
3065
3064
3069
3068
7466
10015
11604
4817
11607
9818
9819
4816
9814
11606
9815
1304
1305
1306
1307
1300
1301
1302
1303
12143
1308
1309
11601
498
499
494
495
496
497
490
491
492
493
6479
6478
12142
6473
6472
6471
6470
6477
6476
6475
6474
9537
6915
7758
9536
7755
7754
7757
7756
7751
7750
7753
7752
9534
3939
3938
3935
3934
3937
3936
3931
3930
3933
3932
8332
8333
8330
8331
3265
8337
6718
6719
6716
6717
6714
6715
6712
6713
6710
6711
9906
9907
9904
9905
9902
9903
9900
9901
11602
9908
9909
12147
11088
12146
4044
4045
4046
4047
4040
4041
4042
4043
4048
4049
3665
3664
3667
3666
3661
3660
3663
3662
3669
3668
5582
446
2578
2579
2576
2577
2574
2575
2572
2573
2570
2571
12814
11458
11459
10121
11454
11455
11456
11457
11450
11451
11452
11453
3593
3592
3591
3590
3597
3596
5038
3594
5036
5037
5034
5035
5032
5033
5030
5031
4435
4434
4437
4436
4431
4430
4433
4432
4439
4438
977
976
975
974
973
972
971
970
12768
12816
979
978
12149
12811
7952
10126
12148
12986
12810
12129
12984
12813
8756
10475
10474
10477
10476
10471
10470
10473
10472
10479
10478
12812
8757
8927
8926
8925
8924
8923
8922
8921
8920
11878
11879
8929
8928
3386
3387
10507
3384
7100
7101
7102
5417
7104
7105
7106
7107
7108
5410
5411
5412
5413
11862
1681
1680
1683
1682
1685
1684
1687
1686
1689
1688
12221
653
1469
1468
1465
1464
1467
1466
1461
1460
1463
1462
11572
4239
4238
4237
4236
4235
4234
4233
4232
4231
4230
5591
5590
5593
5592
5595
5594
5597
5596
5599
5598
10349
3035
319
318
313
312
311
310
317
316
315
314
10348
11200
11203
11202
11205
11204
11207
11206
11209
11208
12226
4213
12227
12824
12224
443
12225
10786
442
12222
441
12223
440
10712
447
10713
4218
445
12679
444
12678
11620
10718
10719
12675
12228
11626
12674
8699
12229
12677
8698
2299
2298
8129
2293
2292
2291
2290
2297
2296
2295
2294
8695
12673
8694
10732
12672
8125
8124
10343
8691
10120
8690
10916
10917
10914
10915
10912
8693
8139
10911
8692
10918
10919
7290
7291
7292
7293
7294
7295
7296
7297
7298
7299
9139
9138
10314
7704
7928
7929
7705
12666
6299
6298
6297
6296
6295
5578
6293
6292
6291
6290
10578
11627
10579
10340
5574
5572
4672
7708
7709
8511
3438
3439
878
879
3430
3431
874
3433
3434
873
3436
3437
2741
2740
2743
2742
2745
2744
2747
2746
4844
2748
4846
4847
4840
4841
4842
2038
12087
5201
5200
5203
5202
5205
5204
5207
5206
5209
5208
10345
11992
11995
11994
11997
11996
12084
10344
11191
11190
11193
11192
11195
11194
11197
11196
11199
11198
3049
3048
9648
3041
3040
3043
3042
3045
3044
3047
3046
10028
13080
7522
1094
1095
1096
1097
1090
1091
1092
1093
1912
1098
1099
11673
7523
12580
1915
8349
11679
1322
1323
1320
1321
1326
1327
1914
1325
1328
1329
6451
6450
6453
6452
6455
6454
6457
6456
6459
6458
8136
8137
8130
8131
6909
6908
12586
11224
12250
11222
7739
7738
7733
7732
7731
7730
7737
7736
7735
7734
1916
3958
3953
3952
3951
3950
3957
3956
3955
3954
8358
8359
8350
8351
8352
8353
8354
8355
8356
8357
1546
10020
4062
4063
4060
4061
4066
4067
4064
4065
4068
4069
5784
5785
5786
5787
5780
5781
5782
5783
5788
5789
12166
3603
3602
3601
3600
3607
3606
3605
3604
3609
3608
12088
12161
12089
11438
11439
11432
11433
11430
4593
11436
11437
11434
11435
7529
4453
4452
4451
4450
4457
4456
4455
4454
12163
4459
4458
959
958
951
950
953
952
955
954
957
956
12162
7185
12631
9645
10368
13026
6334
6335
6336
6337
6330
6331
6332
6333
6338
6339
9674
9675
9676
9677
9670
9671
9672
9673
10105
10104
10107
10106
9678
9679
10103
10102
12095
12094
12097
12822
11858
11859
12096
8909
8908
717
8904
8907
8906
8901
8900
8903
8902
4969
4968
12169
716
7129
7126
7127
7124
7125
7122
2178
7120
7121
4964
12099
12168
12098
10254
6841
1669
1668
1667
1666
1665
1664
1663
1662
1661
1660
591
590
593
592
595
594
597
596
599
598
2828
2829
2824
2825
2826
2827
2820
2821
2822
2823
5414
5415
5416
3385
3382
3383
3380
3381
5418
5419
3388
3389
1409
1408
1403
1402
1401
1400
1407
1406
1405
1404
4215
4214
4217
4216
4211
4210
1491
4212
5790
4219
1544
1545
1542
12660
1543
3261
1540
5579
3260
5577
5576
5575
1541
5573
3263
5571
5570
3262
5799
1937
5798
11113
3264
11112
339
3267
335
334
337
3266
331
330
333
332
3269
11117
11229
5125
11227
11226
11225
11116
11223
5126
11221
11220
5127
5002
12123
9535
3195
3200
1497
9533
10369
12323
9532
6109
6108
6107
6106
6105
6104
6103
6102
6101
6100
10938
10939
10934
10935
10936
10937
10930
10931
10932
10933
9119
9118
9531
9449
9448
9111
9110
9113
9112
9115
9114
9117
9116
12284
12285
12286
12287
12280
12281
12282
11921
12288
12289
9530
12328
12758
12759
12756
8029
12757
12754
12755
12752
12747
12753
3416
3417
3414
3415
3412
3413
3410
3411
12751
8532
3418
3419
10364
8533
8534
8535
10664
10434
4868
4869
2019
2018
10662
10663
2015
2014
2017
2016
2011
2010
2013
4865
12423
9454
7444
10259
10258
10592
10593
10590
10591
10596
10597
10594
10595
10598
10599
9034
9035
10251
10250
9038
9039
10255
7013
9447
10257
9446
10256
9445
9444
9443
9442
12990
12991
12992
12993
10362
9441
12996
12997
12998
12999
9440
12474
10286
458
1349
450
451
1342
453
454
455
1346
1347
8118
8119
6929
6928
6925
6924
6927
6926
6921
6920
6923
6922
7711
7710
7713
7712
7715
7714
7717
7716
7719
7718
832
9803
8376
8377
8374
8375
8372
8373
8370
8371
833
8378
8379
8074
752
9573
12271
9435
4008
4009
9572
4000
4001
4002
4003
4004
4005
4006
4007
3971
3970
3973
3972
3975
3974
3977
3976
3979
3978
3629
3628
3621
3620
3623
3622
3625
3624
3627
3626
9433
11410
11411
11412
11413
11414
11415
11416
11417
11418
11419
4479
4478
9457
2955
4471
4470
4473
4472
4475
4474
4477
4476
9458
2953
2464
2465
2466
2467
2460
2461
2462
2463
2468
2469
11129
1026
9459
1021
1020
1023
5343
6312
6313
6310
6311
6316
6317
6314
6315
8530
6318
6319
5348
5349
9652
9653
9650
9651
9308
9309
8531
9655
9304
9305
9306
9307
9300
9301
9302
9303
7684
8969
8968
12479
8963
8962
8961
8960
8967
8966
8965
8964
9455
9578
1645
1644
1647
1646
1641
1640
1643
1642
1649
1648
9456
579
578
573
572
571
570
577
576
575
574
2808
2809
2802
2803
2800
2801
2806
2807
2804
2805
5432
5433
1423
5431
5436
5437
5434
5435
3364
3365
5438
5439
3360
3361
3362
3363
10667
10660
10661
4273
4272
4271
4270
4277
4276
4275
4274
1201
4279
4278
1200
5555
4862
5557
5556
5551
5550
5553
4863
5559
4860
4861
4866
4867
8589
8588
4864
8581
8580
8583
2012
8585
8584
8587
8586
9453
5129
5883
5882
5881
5880
5887
5886
5885
5884
5889
5888
6554
6555
6556
6557
6550
6551
6552
5873
6558
6559
11299
12421
8270
5875
12422
11290
11291
11297
357
356
355
354
353
352
351
350
10448
7508
7509
359
358
11071
10118
11076
10119
11077
6125
4855
6127
6126
6121
6120
6123
6122
11075
6129
6128
10447
10440
10441
12425
10958
10959
10110
10952
8677
10950
10111
10956
10957
10954
10955
12426
10650
2190
3225
4632
12427
2192
2193
2259
2258
2257
4637
2255
2254
2253
2252
2251
4636
3224
4635
12428
4634
4800
3227
4802
4638
4804
4805
4806
4807
4808
4809
2789
2788
9465
9464
2079
2078
9461
9460
9463
9462
2073
2072
2071
2070
2077
2076
2075
2074
11959
11958
11955
11954
11957
11956
11951
11950
11953
11952
12038
3221
8790
12875
9793
9792
9791
9790
9797
9796
9795
9794
9799
3220
8791
11319
11318
12272
3223
8410
11313
10566
8415
3222
10736
12978
12979
12976
12977
12974
12975
12972
12973
12970
12971
7081
7080
7083
7082
7085
7084
7087
7086
7089
7088
9808
9807
9806
9805
6495
6494
6497
6496
6491
6490
6493
6492
8178
8179
6499
6498
9802
6949
6948
9801
6943
6942
6941
6940
6947
6946
6945
6944
12275
8998
8398
8399
8394
8395
8396
8397
8390
8391
8392
8393
4398
4399
4390
4391
4392
4393
4394
4395
4396
4397
3197
1367
470
3194
3193
3192
3191
3190
478
479
3199
3198
4026
4027
4024
4025
4022
4023
4020
4021
4028
4029
11380
11381
11382
11383
11384
11385
11386
11387
11388
11389
8506
3999
3998
3997
3996
3995
3994
3993
3992
3991
3990
12274
8165
12960
8999
8697
8164
298
299
296
297
294
295
292
293
290
291
587
12962
581
5487
12941
2442
2443
2440
2441
2446
2447
2444
2445
2448
2449
12527
7867
7866
7865
7864
7863
7862
7861
7860
12521
5486
7869
7868
12523
8829
12522
6378
6379
10171
5485
6371
6372
6373
6374
6375
6376
6377
10141
10140
10143
10142
10145
10144
10147
10146
10149
10148
10419
10418
9638
9639
9328
9329
5484
9322
9323
9320
9321
9326
9327
9324
9325
8941
8940
8943
8942
8945
8944
8947
8946
8949
8948
5483
5407
5406
7394
1434
10627
5482
1435
1432
1433
1623
1622
1621
1620
1627
1626
1625
1624
1999
1998
1629
1628
3209
3208
5058
10233
5059
2860
2861
2862
2863
559
558
2866
2867
555
554
557
556
551
550
553
552
3539
1438
5055
5408
1199
1198
3348
3349
1191
1190
1193
1192
1195
1194
1197
1196
12618
10363
9189
7942
4259
4258
4251
4250
4253
4252
4255
4254
4257
4256
5533
5532
5531
5530
5537
5536
5535
5534
5539
5538
10332
1348
459
4263
6572
6573
6570
6571
6576
6577
6574
6575
6578
6579
5100
12211
13062
7694
1340
7696
7697
7690
7691
7692
1341
12217
7698
452
12216
3834
3835
3836
3837
3830
3831
3832
3833
1344
12214
3838
3839
1345
456
12478
457
12219
12218
12668
11102
12669
379
378
7520
7521
7526
7527
7524
7525
371
370
373
372
375
374
377
376
12665
11103
12662
12663
6143
6142
6141
6140
6147
6146
6145
6144
6149
6148
8110
10970
10971
10972
8111
5104
10975
10976
10977
10978
8116
8117
8114
10808
8115
5549
6500
2275
2274
2277
2276
2271
2270
2273
2272
2279
2278
11595
11594
11597
11596
11591
11590
11593
5543
11599
11598
9764
5545
10503
2051
2050
2053
2052
2055
2054
2057
4829
2059
2058
4824
4537
4822
4531
4532
4821
7980
7981
7982
7983
7984
7985
7986
7987
7988
7989
9409
9408
10624
10625
10626
10230
11979
11978
11973
11972
11971
11970
11977
11976
11975
11974
8595
13078
12803
7324
7325
7326
3783
7320
7321
7322
7323
10084
10085
10086
10087
7328
7329
10082
10083
8858
12954
12955
12956
12957
12950
12951
12952
12953
12420
12958
12959
11605
8853
8852
8851
11238
8850
7069
7068
7067
7066
7065
7064
7063
7062
7061
7060
8855
12891
11684
10400
8854
3786
6961
6960
6963
6962
6965
6964
6967
6966
6969
6968
8154
8155
8152
8153
8150
8151
11230
5899
11682
8228
10336
11237
8229
6465
9988
9989
9986
9987
9984
9985
9982
9983
9980
9981
11025
11024
11027
11026
11021
11020
11023
11022
10236
11029
11028
414
415
416
417
410
411
412
413
1384
1385
1386
1387
418
419
1382
1383
12408
9194
11368
11369
11366
11367
11364
11365
8107
11363
11360
11361
12409
1775
12873
1774
1777
5277
5270
1770
5463
5272
5273
5278
5279
5465
6688
6689
12612
6680
6681
6682
6683
6684
6685
5464
6687
2428
2429
2420
2421
2422
2423
2424
2425
2426
2427
7849
7848
7845
7844
7847
7846
5467
7840
7843
7842
6356
6357
6354
6355
6352
6353
6350
6351
6358
6359
3461
5466
9340
9341
9342
9343
9344
9345
9346
9347
9348
9349
10165
10164
10163
10162
9618
3460
1814
1815
1816
1817
1810
1811
1812
1813
1818
1819
12085
12082
12083
12080
12081
2165
2164
8109
2167
9630
1609
1608
2166
3229
3228
1979
1978
1977
1976
1975
1974
1973
1972
1971
1970
2163
8108
4955
9631
2848
2849
2846
2847
2844
2845
2842
2843
2840
2841
3320
3321
3322
3323
3324
3325
3326
3327
3328
3329
9632
5478
5479
12424
9894
9895
9896
9897
9890
9891
9892
9893
11108
5519
5518
11109
5511
3038
5513
5512
5515
5514
5517
1554
537
536
535
534
533
532
531
530
10089
11100
539
538
11101
1908
11106
1909
11107
3294
11104
1907
11105
3296
6518
6519
1905
6510
1902
6512
6513
6514
6515
6516
3291
5131
1901
11600
3812
3813
3810
3811
3816
3817
3814
3815
3818
3819
8457
8456
8455
8454
8453
8452
8451
8450
8459
8458
7548
7549
7540
7541
7542
7543
7544
7545
7546
7547
6169
6168
6161
6160
6163
6162
6165
6164
6167
6166
10998
10999
10996
10997
10994
10995
10992
10993
10990
10991
8856
10080
12769
11603
2213
2212
2211
2210
2217
2216
2215
2214
10081
2219
2218
12589
12763
12588
12762
12761
12760
12767
6137
12583
12765
12582
12764
12581
4518
4519
4512
4513
4510
4511
4516
4517
4514
4515
9429
9428
12585
9421
9420
9423
9422
9425
9424
9427
9426
5289
5288
5281
5280
5283
5282
5285
5284
5287
5286
10940
7615
10946
9025
9024
9027
7302
7303
7300
7301
7306
7307
7304
7305
9285
9021
7308
7309
9281
9280
9283
9020
11911
11910
11913
11912
11915
9023
11917
11916
11919
11918
9022
12932
12933
12930
9471
12936
12937
12934
12935
10060
9490
12939
9477
7045
7044
7047
7046
7041
7040
7043
7042
7049
7048
10208
10209
9491
9108
8608
8609
6989
6988
6987
6986
6985
6984
6983
6982
6981
6980
9109
7693
2989
2988
9493
2983
2982
2981
2980
2987
2986
2985
2984
1018
1019
1014
1015
1016
1017
1010
1011
1012
1013
9494
4358
4359
4354
4355
4356
4357
4350
4351
4352
4353
9495
11002
11001
11000
11007
11006
11005
11004
11009
11008
438
439
436
437
434
435
432
433
430
431
12550
12429
11344
11345
11346
11347
11340
11341
11342
11343
9497
1436
5708
5709
5704
5705
5706
5707
5700
5701
5702
5703
1437
12455
12454
12724
8025
12457
12456
12451
12450
12453
12452
12809
12459
12458
9594
12696
12695
12694
12693
12692
12691
12690
12699
12698
10835
10834
10837
10836
10831
10830
10833
10832
10839
10838
9597
1050
1051
1052
1430
7829
5354
7823
1054
7821
7820
7827
7826
7825
1055
1056
12212
1057
1431
9368
9369
9366
9367
9364
9365
9362
9363
9360
9361
8985
8984
8987
8986
8981
8980
8983
8982
8989
8988
1832
1833
1830
1831
1836
3798
1834
1835
3795
3794
1838
3796
3791
3790
3793
3792
4981
4980
4983
2157
4985
4984
2400
4986
4989
4988
2158
2159
2408
2409
12465
1955
1954
1957
1956
1951
1950
1953
1952
1959
1958
3249
3248
3243
3242
3241
3240
3247
3246
3245
1990
4925
1993
1483
1482
1481
1480
1487
1486
1485
1484
3306
3307
1489
1488
3302
3303
3300
3301
10611
10610
1992
10613
612
10612
613
9396
610
10614
1273
12145
1995
12144
1275
2060
614
2061
615
2062
2063
1994
2064
2065
519
518
2066
511
510
513
512
515
514
517
516
1227
1226
621
1224
1223
1222
1221
1220
629
628
1229
1228
6536
6537
6534
6535
6532
6533
6530
6531
8299
8298
8792
6538
6539
8793
8794
8795
8796
8797
3878
3879
3870
3871
3872
3873
3874
3875
3876
3877
8479
8478
8475
8474
8477
8476
8471
8470
8473
8472
7566
7567
7564
7565
7562
7563
7560
7561
10129
7568
7569
10128
9656
9657
9654
10123
10122
9658
4167
4166
4165
4164
4163
4162
4161
4160
10127
4169
4168
10125
10124
8646
2239
2238
13146
2231
2230
2233
2232
2235
2234
2237
2236
5937
5936
5935
5934
5933
5932
5931
5930
5939
5938
4608
3498
3499
3496
3497
3494
3495
3492
3493
3490
3491
2095
2094
4572
4573
2091
2090
4576
2092
4578
4579
7699
2099
2098
8423
11667
11666
11665
4605
11663
11662
11661
11660
12028
11669
11668
9789
11308
11309
10902
12157
11300
11301
7368
7369
3333
7361
7362
7363
7364
7365
7366
7367
12316
12317
3
12315
12312
12313
11939
11938
11937
11936
11935
11934
9121
11932
11931
11930
12918
12919
12910
12911
12912
12913
12914
12915
12916
12917
7023
7022
7021
7020
7027
7026
7025
7024
10224
10225
7029
7028
10220
10221
9009
9008
9012
9832
9833
10068
9830
3330
7594
9836
9013
9837
7799
7798
9834
7791
7790
7793
7792
7795
7794
7797
7796
12247
12277
1038
1039
1032
1033
1030
1031
1036
1037
1034
1035
4378
4379
4372
4373
4370
4371
4376
4377
4374
4375
11069
11068
11061
11060
11063
11062
11065
11064
11067
11066
8660
8661
8662
8663
8664
8665
8666
8667
8668
8669
4080
4081
4082
4083
4084
4085
4086
4087
4088
4089
11322
11323
11320
11321
11326
11327
11324
11325
11328
11329
5728
5729
5722
5723
5720
5721
5726
5727
5724
5725
11498
11499
11490
11491
11492
11493
11494
11495
11496
11497
8084
8085
8086
8087
8080
8081
8082
8083
8088
8089
12075
10733
12446
6648
6649
6644
6645
6646
6647
6640
6641
6642
6643
10813
10812
10811
10810
10817
10816
10815
10814
10819
10818
7801
7800
7803
7802
7805
7804
7807
7806
7809
7808
12444
11239
12533
6398
6399
6392
6393
6390
6391
6396
6397
6394
6395
2396
2397
2394
2395
2392
2393
2390
2391
2398
2399
12526
12442
9496
12965
12964
1858
1859
12443
5693
1850
1851
1852
1853
1854
1855
1856
1857
2172
2173
2170
2171
2176
2177
2174
2175
4967
4966
4965
2179
4963
4962
4961
4960
1421
12440
5694
1420
5695
5430
1933
1932
1931
1930
5128
1936
1935
1934
5124
3268
1939
1938
5120
5121
5122
5123
7944
1427
7945
1426
7946
1429
7947
1428
7940
3366
7941
3367
7230
7943
10376
9887
10377
10372
10373
9886
10370
9804
10371
10449
12525
11231
6886
6887
6884
6885
6882
6883
6880
6881
12874
6888
6889
12524
9884
605
604
607
606
601
600
603
602
1205
1204
1207
1206
609
608
1203
1202
8106
8279
8278
8277
8101
8275
8274
8273
8272
8271
8100
10772
10773
9882
10770
12520
1353
10771
1352
10776
1351
10777
1350
10774
461
10775
10029
1356
12204
8419
8418
463
12205
8413
8412
8411
462
8417
8416
8265
8414
12207
7588
7589
9809
5554
7584
7585
7586
7587
7580
7581
7582
7583
12653
12202
12652
12203
12193
12651
12650
12464
12657
5552
12656
6950
12655
6951
12654
6952
11828
6953
4149
4148
4145
4144
4147
4146
4141
4140
4143
4142
3856
3857
3854
3855
3852
3853
3850
3851
6957
3858
3859
11578
1062
10519
5919
5918
5915
5914
5917
5916
5911
5910
5913
5912
12823
10512
4558
4559
4556
4557
4554
4555
4552
4553
4550
4551
10511
11689
11688
11685
9771
11687
11686
11681
11680
11683
10517
10514
10515
12070
8582
10730
6077
6076
6075
6074
6073
6072
6071
6070
6079
6078
2617
2616
2615
2614
2613
2612
2611
2610
2619
2618
7346
7347
7344
7345
7342
7343
7340
7341
10026
10027
10024
10025
10022
10023
7348
7349
1186
12338
12339
12334
12335
12336
12337
12330
12331
12332
12333
1187
7009
7008
10248
10249
9029
9028
7001
7000
7003
7002
7005
7004
7007
7006
11699
1184
740
741
742
743
744
745
746
747
748
749
1185
9800
2949
2948
2947
2946
2945
2944
2943
2942
2941
2940
5357
5356
5355
1053
5353
5352
5351
5350
1058
1059
9387
5359
5358
4310
4311
4312
4313
4314
4315
4316
4317
4318
4319
11047
11046
11045
11044
11043
11042
11041
11040
12091
11049
11048
1180
3119
3118
3117
3116
3115
3114
3113
3112
3111
3110
8648
8649
5795
8647
8644
8645
8642
8643
8640
8641
1181
12730
5740
5741
5742
5743
5744
5745
5746
5747
5748
5749
11302
11303
11304
11305
11306
11307
12731
5267
9380
5266
12732
1702
1703
5263
5262
12536
12537
12534
12535
12532
5261
12530
12531
5260
12538
12539
12492
5794
2137
6668
6669
6662
6663
6660
6661
6666
6667
6664
6665
10879
10878
7
10871
10870
10873
10872
10875
10874
10877
1602
9127
2135
2378
2379
2374
2375
2376
2377
2370
2371
2372
2373
12093
1876
1877
1874
1875
1872
1873
1870
1871
1878
1879
4945
4944
4947
4946
4941
4940
4943
4942
12078
4949
4948
2118
2119
6041
2110
2111
2112
2113
2114
2115
2116
2117
12077
11395
1919
1918
5108
5109
3289
3288
5102
5103
1913
5101
5106
3282
3281
3280
11312
10499
10498
10497
10496
10495
10494
10493
10492
10491
10490
883
882
881
880
887
886
885
884
889
888
11399
11398
5245
12074
7504
7505
7506
7507
7500
5792
8766
12073
7501
7502
6616
7503
6868
6869
10731
6864
6865
6866
6867
6860
6861
6862
6863
9582
9583
9270
9580
9581
9889
9238
9888
9239
8255
8254
1269
1268
8251
8250
669
668
667
1262
665
664
663
662
1265
1264
1911
8789
8788
1910
8783
8782
8781
8780
8787
3285
8785
8784
3284
7618
7619
7614
3283
7616
7617
7610
7611
7612
5107
1917
5105
8431
8430
8433
8432
8435
8434
8437
8436
8439
8438
9825
9824
9827
9826
9821
9820
9823
9822
9829
9828
12774
6124
12329
12776
9131
12770
12771
8516
12772
8517
12773
8514
8515
8512
8513
4129
4128
8510
4123
4122
4121
4120
4127
4126
4125
4124
5689
5688
5685
5684
5687
5686
5681
5680
5683
5682
11519
11518
8760
11514
11517
11516
11511
11510
11513
11512
5979
5978
5973
5972
5971
5970
5977
5976
5975
5974
12117
2587
2586
2585
2584
2583
2582
2581
2580
2589
2588
280
10951
6059
6058
6055
6054
6057
286
6051
6050
6053
6052
10004
10005
10006
10007
2639
2638
10002
10003
2635
2634
2637
2636
2631
2630
2633
2632
9599
9598
9229
9228
9227
9226
9225
9224
9223
9222
9221
9220
12358
12359
12352
12353
12350
12351
12356
12357
12354
12355
10260
10261
10262
10263
10264
10265
10266
10267
10268
10269
9049
9048
9043
9042
9041
9040
9047
9046
9045
9044
3544
3545
3546
3547
3540
3541
3542
3543
3548
3549
2965
2964
2967
2966
2961
2960
2963
2962
762
763
760
761
2969
2968
764
765
5379
5378
1078
1079
5375
5374
5377
1075
5371
5370
5373
5372
13005
13004
13007
13006
13001
13000
5583
13002
13009
13008
4338
4339
4336
4337
4334
4335
4332
4333
4330
4331
3135
5182
3137
3136
3131
3130
3133
3132
3139
3138
12878
1533
10287
5183
5180
5768
5769
5766
5767
5764
5765
5762
5763
5760
5761
1531
5181
12714
9592
8192
8193
5186
8190
8191
2256
11263
8196
8197
12518
8194
5187
12514
12515
12516
8195
12510
2978
12512
12513
7427
7426
7425
2979
7423
7422
7421
7420
2250
7429
7428
5184
6600
6601
6602
6603
6604
6605
6606
6607
6608
6609
12449
10857
10856
10855
5185
10853
10852
10851
10850
10859
10858
2974
2975
5362
10480
4570
1042
5360
5361
12189
12188
12187
5366
12185
12184
12183
12182
12181
5367
4571
5364
5365
2358
2359
2352
2353
2350
2351
2356
5368
2354
2355
5369
1898
1899
3739
3738
3737
3736
3735
3734
3733
1891
3731
3730
4691
4690
4693
4692
4695
4694
4697
4696
4699
4698
4929
4928
12160
2138
2139
11726
11727
11724
11725
11722
11723
11720
11721
10701
11728
11729
5160
5161
5162
5163
5164
5165
5166
4801
5168
5169
2787
4803
10700
2781
2780
2783
2782
10707
9698
9699
9696
9697
9694
9695
9692
9693
9690
9691
8257
10706
8256
10602
12059
8253
10603
8252
9467
10172
1263
9466
666
10606
1261
10607
1799
1798
10604
10021
1793
1267
1791
1790
1797
1796
1795
1794
12154
6848
6849
661
12155
6842
6843
6840
660
6846
6847
6844
6845
10609
9469
9468
12152
12153
12141
6590
6591
6592
6593
6594
6595
6596
6597
6598
6599
8239
8238
11641
7638
7639
7632
7633
7630
7631
7636
7637
7634
7635
10628
5344
9169
9843
9842
9841
9840
9847
9846
9845
9844
9849
9848
10629
5345
1241
3093
3090
3091
3096
3097
3094
1530
1249
648
3098
3099
5346
1539
1538
4101
4100
4103
4102
4105
4104
4107
4106
4109
4108
7613
9647
9646
9641
9640
3898
3899
9643
3892
3893
3890
3891
3896
3897
3894
3895
5341
8741
5951
5950
5953
5952
5955
5954
5957
5956
5959
5958
11531
11530
11537
11536
11535
11534
12055
12054
9167
1454
12058
1991
11809
1455
5774
12630
11808
10621
10788
12633
9798
6039
6038
6033
6032
6031
6030
6037
6036
6035
6034
9205
9204
2659
2658
9201
9200
9203
9202
2653
2652
2651
2650
2657
2656
2655
2654
11636
7388
7389
12635
7382
7383
7380
7381
7386
7387
7384
7385
12370
12371
12372
5758
12374
12375
12376
12377
12378
12379
12634
9061
9060
9063
9062
9065
1452
9067
9066
9069
9068
10284
10285
10282
10283
10280
10281
3562
3563
3560
1453
3566
3567
3564
3565
3034
3568
3569
4484
4485
4486
4487
4480
4481
4482
4483
4488
4489
2903
2902
2901
2900
708
709
2905
147
704
705
706
2908
700
701
702
703
11883
11882
11881
11880
11887
11886
11885
2486
11889
11888
5319
5318
5313
5312
5311
141
5317
5316
5315
5314
13023
13022
13021
13020
13027
2487
13025
13024
13029
13028
3214
1987
1984
3153
3152
3151
3150
3157
3156
3155
3154
11083
1982
3159
3158
11087
11086
11085
1983
10648
1980
10747
1981
1260
12775
12248
1639
10649
10746
2482
1459
10646
10745
12237
1266
2483
12777
10647
2480
8574
8575
8576
8577
8570
8571
8572
8573
11761
8578
8579
12578
12579
12572
12573
12570
12571
12576
12577
12574
12575
7409
7408
7405
7404
7407
7406
7401
7400
7403
7402
568
569
12249
2816
6628
6629
6626
6627
6624
6625
6622
6623
6620
6621
10643
10740
12502
564
565
10640
12298
4714
4715
4716
4717
4710
4711
4712
2337
2338
2339
12504
4718
4719
11766
10641
10728
3715
3714
3717
3716
3711
3710
3713
3712
3719
3718
8189
4909
4908
4679
4678
4901
4676
4903
4674
4673
4904
4671
4670
7437
11708
11709
8188
11704
11705
11706
11707
11700
11701
11702
11703
5148
5149
5146
5147
5144
5145
5142
5143
5140
5141
120
121
122
123
124
125
126
127
128
129
12779
7957
1188
7956
1189
7955
3377
7954
10724
3376
7953
3375
7224
3374
7951
11767
5421
7950
3372
9164
10727
3371
9165
3370
10341
7247
7246
7245
7244
7243
7242
7241
7240
10347
7249
7248
9162
9163
10401
6820
6821
6822
6823
6824
6825
6826
6827
6828
6829
10545
10544
10547
10546
10541
10540
10543
10542
10402
10548
12644
12645
10979
12646
10720
8817
8816
8815
6676
8813
8812
8811
8810
12640
10403
8819
8818
8219
8170
12642
8749
8171
8211
8210
8213
8212
8215
8172
8217
8216
7650
7651
7652
7653
7654
7655
7656
7657
7658
7659
8175
12279
1997
8176
12278
12648
8177
9562
12649
9563
10405
10749
10748
9869
9568
10406
9569
9861
3393
9863
9862
9865
9864
9867
9866
11146
11147
11144
10744
11142
11143
11140
11141
10743
11148
10742
11515
10407
1519
1518
3392
1515
1514
1517
1516
1511
1510
1513
1512
3395
11838
11848
11839
8899
3394
11837
11551
3397
11553
11552
11555
11554
11557
10600
11559
11558
11949
10446
3396
10601
11845
12766
263
262
261
260
267
266
265
264
269
268
6011
6010
6013
6012
6015
6014
6017
6016
6019
6018
10605
9263
9262
988
989
9267
9266
9265
9264
982
983
980
981
986
987
984
985
13091
12398
12399
12396
12397
12394
12395
12392
12393
12390
12391
1388
12027
9089
9088
9087
9086
9085
9084
9083
9082
9081
9080
10008
1389
3508
3509
5089
5088
5083
5082
5081
5080
5087
5086
5085
5084
2671
2670
2673
2672
2675
2674
2677
2676
2679
2678
1209
2929
2928
2921
2920
2923
2922
2925
2924
2927
2926
5331
5330
5333
5332
5335
5334
5337
5336
1208
5338
13049
13048
13041
13040
13043
13042
13045
13044
13047
13046
3179
3178
2037
3171
3170
3173
3172
3175
3174
3177
3176
11258
726
727
724
725
722
723
720
721
728
729
1164
1165
1166
1167
1160
1161
1162
1163
1168
1169
2035
472
3196
2034
1380
471
476
2785
477
1713
474
1712
2033
9235
1711
1381
8552
8553
8550
1710
8008
8009
8554
8555
8004
2784
8006
8007
8000
8001
8002
1716
1715
2032
1714
7469
7468
1368
7463
3728
7461
1369
7467
1719
7465
1864
1718
2031
10061
12861
9389
1869
2786
1868
10899
10898
2030
10893
10892
10891
10890
10897
10896
10895
10894
4930
4931
4932
4933
4934
4935
4732
4733
4730
4731
4736
4737
2318
2319
2316
2317
2314
2315
2312
2313
2310
2311
5854
5855
5856
5857
5850
5851
5852
5853
5858
5859
3773
3772
3771
3770
3777
3776
3775
3774
3779
3778
4655
4654
4657
4656
4651
4650
4653
4652
4659
4658
11737
7889
7888
11768
11736
12658
7881
7880
7883
7882
7885
7884
7887
7886
11855
108
109
102
103
100
101
106
107
104
105
6056
11121
11739
11738
11123
11127
10387
10386
10385
10384
10383
10382
10381
10380
10000
10389
10001
7517
7269
7268
7516
7265
7264
7267
7266
7261
7260
7263
7262
6204
6205
6206
6207
6200
6201
6202
6203
7513
6208
6209
7512
7511
6808
6809
6806
6807
6804
6805
6802
6803
6800
6801
9744
9745
9746
9747
9740
9741
9742
9743
10569
10568
9748
9749
8839
8838
8835
8834
8837
8836
8831
8830
8833
8832
9595
7678
7679
7676
7677
7674
7675
7672
7673
7670
7671
9596
9591
9590
9593
1759
1758
1757
1756
1755
1754
1753
1752
1751
1750
1285
1284
1287
1286
1281
1280
1283
1282
11164
11165
11166
11167
1289
1288
11162
11163
8765
8764
1579
1578
689
688
8763
8762
685
684
687
686
681
680
683
682
8501
12707
8500
1240
8503
12709
8502
12708
8505
10240
8504
8507
5629
5628
5627
1243
5625
5624
5623
5622
5621
5620
8493
8492
8491
8490
8497
8496
8495
8494
8499
8498
1242
5995
5994
5997
5996
5991
5990
5993
5992
10246
11576
11575
11574
5999
5998
11571
11570
11867
10960
10247
7499
1244
10244
10665
6781
6780
6783
6782
6785
6784
6787
6786
6789
6788
10245
10666
1246
7498
245
244
247
246
241
240
243
242
249
248
12008
12009
12006
12007
12004
12005
12002
12003
12000
12001
7493
7490
9249
9248
7491
9539
9538
9241
9240
9243
9242
9245
9244
9247
9246
10869
3698
3699
1366
3690
3691
3692
3693
3694
3695
3696
3697
2156
12750
3526
3527
3524
3525
3522
3523
3520
3521
3528
3529
1364
338
12431
2150
10714
10715
10716
10717
10710
10711
2699
2698
2697
2696
2695
2694
2693
2692
2691
2690
1362
12264
13067
13066
13065
13064
13063
10953
13061
13060
2152
13069
13068
1363
11371
10178
2153
1360
10668
10179
1361
10669
1142
1143
1140
1141
1146
1147
1144
1145
1148
1149
768
769
336
12283
7199
7198
7193
7192
7191
7190
7197
7196
7195
7194
6402
6403
766
10422
6400
767
8538
8539
8028
6401
12828
12829
12706
8022
6406
8020
8021
8026
8027
8024
6407
7441
7440
7443
7442
7445
6404
7447
7446
7449
7448
10423
6405
12133
11857
8185
10421
8184
8187
8186
10420
10509
4282
4283
4280
4281
4286
4287
4284
4285
4288
4289
13072
10508
10170
12116
10426
380
381
382
383
384
385
386
387
388
389
4758
4759
10427
4750
4751
4752
4753
4754
4755
4756
4757
5872
1076
5870
5871
5876
5877
5874
1077
11292
11293
5878
5879
11296
1074
11294
11295
3759
3758
5376
3751
3750
3753
3752
3755
3754
3757
3756
4633
2191
4631
4630
2194
2195
2196
2197
2198
2199
4639
1071
10425
11740
11741
11742
11743
11744
11745
11746
11747
11748
11749
4813
13003
4812
4811
4810
168
169
164
165
166
167
160
161
162
163
4815
4814
6194
6195
6196
6197
6190
6191
6192
6193
6198
6199
2734
2735
2736
2737
2730
2731
2732
2733
2738
2739
9186
9187
9184
9185
9182
9183
9180
9181
10365
8224
10367
10366
10361
10360
9188
8225
11616
7209
7208
11617
7203
7202
7201
7200
7207
7206
7205
7204
6222
6223
6220
6221
6226
6227
6224
6225
11612
6228
6229
11613
10639
10672
10638
9762
6370
9760
9761
9766
9767
5558
9765
10501
10500
9768
9769
10505
10504
10502
10506
12122
3134
12125
12124
809
808
11618
803
802
801
800
807
806
805
804
10242
10417
10688
10416
12404
10415
11240
8604
10414
9284
10413
10412
5274
5275
5276
1776
1771
5271
1773
1772
10410
1779
1778
10318
9492
9287
10424
10228
10319
11943
9286
1551
1550
1553
1552
1555
3039
1557
1556
1559
1558
3036
3037
3030
3031
3032
3033
8703
8702
8701
8700
8707
8706
8705
8704
8709
8708
12676
5605
5604
5607
5606
5601
5600
5603
5602
5609
5608
12671
9633
9634
9635
9636
10682
9637
12670
9282
10683
6424
6425
6426
6427
6420
6421
6422
6423
6428
6429
12041
10680
10226
11259
12258
12045
10681
10227
10310
12140
6769
6768
6767
6766
6765
6764
6763
6762
6761
6760
9977
9976
9975
9974
9973
9972
9971
9970
9979
9978
12024
12025
12026
11798
12020
12021
229
228
227
226
225
224
223
222
221
220
10222
11792
9855
10685
10223
11394
11794
12796
13116
2509
2508
2507
2506
2505
2504
2503
2502
2501
2500
5049
5048
5047
5046
5045
5044
5043
5042
5041
5040
9515
9514
9517
9516
9511
9510
9513
9512
10778
10779
2160
9518
11829
8696
11825
11824
11827
11826
11821
11820
11823
11822
10059
1256
13089
13088
1257
13085
13084
13087
13086
13081
1254
13083
13082
1255
1520
10058
1253
3207
1250
3206
1251
3205
3204
10057
3203
3202
10196
10197
10194
10195
10192
3201
10190
10191
1996
10198
10199
10056
5188
1128
1129
5189
1120
1121
1122
1123
1124
1125
1126
1127
10153
8040
8041
8042
8043
8044
8045
8046
8047
8048
8049
12598
12599
8518
8519
10053
12848
12849
12842
12843
12840
12841
12846
12847
12844
12845
10052
10151
2864
10510
2865
10444
2868
10157
2869
10445
4776
4777
4774
4775
4772
4773
4770
4771
4778
4779
9992
5818
5819
10155
5810
5811
5812
5813
5814
5815
5816
5817
12659
10354
12517
10355
12511
4619
4618
4611
4610
4613
4612
4615
4614
4617
4616
12940
12947
2705
7424
7152
2704
2707
146
5458
144
145
142
143
140
5459
4884
148
149
4886
2702
10442
10567
3092
3342
10689
3343
10443
5452
2712
2713
2710
2711
2716
2717
2714
2715
3346
2718
2719
3347
7221
7220
7223
7222
7225
3344
7227
7226
7229
7228
9166
3345
9160
9161
7959
7958
9174
11770
10686
10687
6248
6249
10684
6240
6241
6242
6243
6244
6245
6246
6247
10527
10526
10525
10524
10523
10522
10521
10520
10516
10704
10529
10528
9708
9709
9700
9701
9702
9703
9704
9705
9706
9707
8871
8870
8873
8872
8875
8874
8877
8876
8879
8878
10703
12632
829
828
825
824
827
826
821
820
823
822
8163
12637
8162
11298
12636
8161
12639
8160
12638
8167
8166
5252
5253
5250
5251
5256
5257
5254
5255
10206
5258
5259
12268
12269
10207
11638
11120
10750
11122
10854
11124
11125
11126
10751
11128
5942
9579
3018
3019
10204
11508
11639
3012
3013
3010
3011
3016
3017
3014
3015
8729
8728
10756
11507
8721
8720
8723
8722
8725
8724
8727
8726
4189
4188
10205
10702
4181
4180
4183
4182
4185
4184
4187
4186
5663
5662
5661
5660
5667
5666
5665
5664
12139
5669
5668
10202
10333
10539
9385
11801
10203
11800
10330
9386
10200
11
10
13
12
15
14
17
16
19
18
6408
6409
8181
8180
8183
8182
7764
7765
7766
7767
7760
7761
7762
7763
10201
7768
7769
3904
3905
3906
3907
3900
3901
3902
3903
3908
3909
6745
6744
6747
6746
6741
6740
6743
6742
11637
6749
6748
10337
9710
9716
9381
9959
9958
9955
9954
9957
9956
9951
9950
9953
9952
201
200
203
202
205
204
207
206
209
208
830
9382
12042
12043
12040
831
12046
12047
12044
11631
836
12048
12049
10335
837
834
835
9383
11632
8885
8886
8887
8880
8881
11633
3658
3659
12186
3654
3655
3656
3657
3650
3651
3652
3653
2525
2524
2527
2526
2521
2520
2523
2522
2529
2528
11465
11464
11467
11466
11461
11460
11463
11462
10338
12180
11469
11468
5065
5064
5067
5066
5061
5060
5063
5062
5069
5068
10787
10339
12134
4408
4409
4404
4405
4406
4407
4400
4401
4402
4403
928
929
9571
9570
9577
9576
9575
9574
920
921
922
923
924
925
926
927
5393
5392
5391
5390
5397
5396
5395
5394
11803
11802
5399
5398
11807
11806
11805
11804
12825
7451
12826
8991
12827
784
785
786
787
780
781
782
783
788
789
9399
2357
12820
12270
10789
12821
1371
12273
7159
1370
7157
7156
7155
7154
7153
1373
7151
7150
404
12136
403
8602
402
12860
8546
12862
12863
12864
401
8068
8069
8066
8067
8064
1376
8062
8063
8060
8061
7485
7484
7487
7486
7481
7480
7483
7482
8603
9393
7489
7488
9392
2899
2898
2895
2894
2897
2896
2891
2890
2893
2892
1106
1107
1104
1105
1102
1103
1100
1727
1458
1724
1108
1109
12853
1725
5241
5240
1894
8601
5243
1895
5242
1896
1897
1890
1837
3732
13136
1892
12276
1893
2136
10243
4922
13132
4921
4920
4798
4799
4794
4795
4796
4797
4790
4791
4792
2133
5836
5837
5834
5835
5832
2130
5830
5831
11256
11257
11254
2131
11252
11253
5838
5839
10705
8128
11784
11785
11786
11787
11780
11781
11782
11783
11788
11789
2668
4
2669
6901
11710
8891
12789
12788
12781
12780
12783
12782
12785
12784
12787
8890
2778
2779
4899
4898
10325
10324
10327
10070
2770
2771
2772
4890
2774
2775
2776
2777
9498
9499
9148
3286
7979
7978
7975
7974
7977
7976
7971
7970
7973
7972
6266
6267
6264
6265
6262
6263
6260
6261
5167
6268
6269
10079
10078
9726
9727
9724
9725
9722
9723
9720
9721
10241
9728
9729
7528
847
846
3465
844
843
842
841
840
8897
8896
8895
7158
8893
8892
849
848
4902
2406
4905
2407
1739
1738
1731
1730
1733
5233
5234
5235
1737
1736
13126
13127
13124
13125
13122
13123
13120
13121
13128
13129
12854
3070
3071
1597
1596
3074
3075
1593
1592
3078
3079
1599
1598
12712
12713
4906
12710
12711
12716
12717
10331
11615
12715
11884
2403
5649
5648
12491
5641
5640
5643
5642
5645
5644
5647
5646
12719
12866
12867
12868
12490
12869
8065
12132
4826
12493
10973
489
488
487
486
485
484
483
482
481
480
6468
6469
6460
6461
6462
6463
6464
4827
6466
6467
7742
7743
7740
7741
7746
7747
7744
7745
7748
7749
11611
3922
3923
3920
3921
3926
3927
3924
3925
3928
3929
12495
6723
6722
6721
6720
6727
6726
6725
6724
10299
6729
6728
8309
8308
5655
12494
12159
9939
9938
9933
9932
9931
9930
9937
9936
9935
9934
12497
6099
6098
10293
6091
6090
6093
6092
6095
6094
6097
6096
10350
12806
12496
10351
12807
3678
3679
3672
3673
3670
3671
3676
3677
3674
3675
2543
2542
2541
2540
2547
2546
2545
2544
2549
2548
1456
11443
11442
11441
1457
11447
11446
11445
11444
1450
11449
11448
12805
1451
5003
3581
3582
3583
3584
3585
3586
3587
3588
3589
5009
1101
12594
12213
12802
8747
902
903
900
901
906
907
904
905
4422
4423
908
909
4426
4427
4424
4425
9559
9558
9551
9550
9553
9552
8746
9554
9557
9556
12150
12596
12800
12151
12931
12597
12210
3293
12801
12590
10358
8743
12591
10359
8934
8935
8936
8937
8742
8931
7824
8933
11869
11868
8938
8939
12592
12131
12215
7175
7174
7177
7176
7171
7170
7173
7172
7179
7178
12593
2916
718
1696
1697
1694
1695
1692
1693
1690
1691
1698
1699
12888
12889
12886
12887
12884
11592
12882
12883
12880
12881
12468
12469
1472
1473
1470
1471
1476
1477
1474
1475
1478
1479
12466
12467
12808
12460
12461
4228
4229
8624
4224
4225
4226
4227
4220
4221
4222
4223
24
25
26
27
20
21
22
23
28
29
5588
5589
8625
1069
1068
11274
11275
11276
11277
11270
11271
11272
11273
11278
11279
10723
1061
10334
1060
1063
4923
1065
1064
1067
1066
12137
12310
2288
2289
2280
2281
2282
2283
2284
2285
2286
2287
4538
12311
4539
8314
4828
8315
2056
8316
10905
4534
10907
8317
10901
10900
10903
4535
8310
4927
10909
4536
8311
9120
8233
9122
4825
9124
8312
9126
8232
9128
4530
10305
8313
10303
8231
10301
4823
7759
7919
7918
4820
7913
4926
7911
4533
7917
7916
7915
7914
9403
6288
6289
9402
6284
6285
6286
6287
6280
6281
6282
6283
182
183
180
181
186
187
184
185
9407
188
189
10019
9406
9405
9404
10620
4924
6362
10018
10622
5833
869
868
652
3449
3448
861
860
863
3446
3441
3440
867
866
2024
2025
2026
2027
2020
2021
2022
2751
6364
2028
2029
2758
2759
9835
10152
11255
9334
10150
5216
5217
5214
5215
5212
5213
5210
5211
10156
11251
5218
5219
9928
10154
9332
13108
13109
13104
13105
13106
13107
13100
13101
13102
13103
10159
12319
9338
3058
3059
3056
3057
3054
3055
3052
3053
3050
3051
4597
10013
9628
10012
9622
10658
10011
9626
8
9624
1317
1316
1315
1314
1313
1312
1311
1310
10010
1319
1318
6446
6447
6444
6445
6442
6443
6440
6441
6918
6919
6448
6449
10017
7728
7729
12176
7720
7721
7722
7723
7724
7725
7726
7727
3948
3949
12079
10016
3940
3941
3942
3943
3944
3945
3946
3947
6709
6708
8329
8328
12076
6701
6700
6703
6702
6705
6704
6707
6706
9911
9910
9913
9912
9915
9914
9917
9916
9919
9918
12072
12174
12071
7535
10014
12175
7534
4057
4056
4055
4054
4053
4052
4051
4050
4059
4058
13118
3610
3611
3612
3613
3614
3615
3616
3617
3618
3619
12173
7536
2569
2568
2561
2560
2563
2562
2565
2564
2567
2566
11429
11428
11421
11420
11423
11422
11425
11424
11427
11426
5029
5028
5021
5020
5023
5022
5025
5024
5027
5026
4440
4441
4442
4443
4444
4445
4446
4447
4448
4449
964
965
966
967
960
961
962
963
11289
968
969
7532
10093
1537
1536
1535
1534
1245
1532
1247
3095
10466
649
10464
7327
10462
10463
10460
1248
3236
12609
10468
5198
3234
3235
641
8912
5195
8910
8911
8916
8917
8914
5194
11847
11846
8918
8919
11843
1614
11841
11840
12135
1615
1960
640
5190
7113
7112
7111
7110
7117
5193
7115
7114
7119
1963
10572
12231
643
1678
1679
1674
1675
1676
1677
1670
1671
1672
1673
12230
642
645
1418
1419
1410
1411
1412
1413
1414
1415
1416
1417
644
4208
4209
4202
4203
4200
4201
4206
4207
4204
4205
647
5568
5569
5564
5565
5566
5567
5560
5561
5562
5563
12462
646
308
309
300
301
302
303
304
305
306
307
11212
11213
11210
11211
11216
11217
11214
11215
11218
11219
10608
12786
12563
10321
10320
12587
10323
10322
11893
10326
4893
4892
10404
4891
2773
4897
7415
12463
4896
4895
10378
4894
6118
6119
6114
6115
6116
6117
6110
6111
6112
6113
10923
10922
10921
9149
10927
10926
10379
10924
10929
10928
7283
7282
7281
7280
7287
7286
7285
7284
7939
7938
7289
7288
9102
9103
9100
9101
9142
9143
9140
12299
9141
12293
9146
12291
12290
12297
12296
12295
9147
9144
9145
12257
12256
12255
12254
12253
12252
12622
3429
3428
12251
12623
3423
3422
3421
3420
3427
3426
3425
3424
2002
2003
2000
2001
4589
2007
2004
4858
4585
4856
4587
4586
4853
4852
4851
4850
12482
12624
12483
12417
12625
12480
11988
11989
12259
11982
8628
11980
11981
11986
11987
11984
8629
12629
8158
8159
10581
8156
10583
10582
10585
10584
10587
8157
10589
10588
7392
8626
11182
11183
11180
8627
11186
11187
11184
11185
8620
11188
11189
11539
8621
9546
11538
8622
9547
8623
9544
1906
9545
10846
9542
9543
11533
9540
11532
9541
1087
1086
1085
1084
1083
1082
1081
1080
1089
1088
12987
8859
12985
8112
12983
12982
12981
12980
1904
12989
12988
9831
8761
12090
5134
10729
449
448
1339
1338
1335
1334
1337
1336
1331
1330
1333
1332
6932
6933
6930
6931
6936
6937
6934
6935
8127
8126
6938
6939
8123
8122
8121
8120
7706
7707
39
38
7702
7703
7700
7701
33
32
31
30
37
36
35
34
1903
7514
1900
8348
8343
8342
8341
8340
8347
8346
8345
8344
3467
3466
845
3464
3463
3462
4079
4078
12199
4075
4074
4077
4076
4071
4070
4073
4072
3966
3967
3964
3965
3962
3963
3960
3961
7510
3968
3969
8894
3638
3639
3636
3637
3634
3635
3632
3633
3630
3631
3469
3468
8769
11407
11406
11405
11404
11403
11402
11401
11400
11409
11408
5450
8768
8857
4468
4469
4466
4467
4464
4465
4462
4463
4460
4461
948
949
946
947
944
945
942
943
940
941
10652
2410
6327
6326
6325
6324
6323
6322
6321
6320
6329
6328
9667
9666
9665
9664
9663
9662
9661
9660
10116
10117
10114
10115
10112
10113
9669
9668
8978
8979
8970
8971
8972
8973
8974
8975
8976
8977
6560
7139
7138
4793
7131
7130
7133
7132
7135
7134
7137
7136
1658
1659
1652
1653
1650
1651
1656
1657
1654
1655
586
5238
584
585
582
583
580
5239
588
589
2839
2838
2837
2836
2835
2834
2833
2832
2831
2830
3391
3390
5405
5404
5403
5402
5401
5400
3399
3398
5409
1439
5230
5231
7688
5232
4260
4261
4262
1732
4264
4265
4266
4267
4268
4269
1734
3702
5236
3703
10725
5237
1885
5548
3701
5542
3706
5540
5541
5546
5547
5544
3707
1881
8598
8599
8596
8597
8594
1880
8592
8593
8590
8591
5890
5891
5892
5893
5894
5895
5896
5897
5898
4668
11232
11233
11234
11235
11236
4669
2127
2126
4664
8447
2128
4666
4667
4660
4661
4662
4663
322
323
320
321
326
327
324
325
9168
328
329
9898
9899
12835
1595
6138
6139
1594
6132
6133
6130
6131
6136
3072
6134
6135
10949
10948
3073
10941
1591
10943
10942
10945
10944
10947
1590
10062
9478
9479
3076
10063
9472
9473
9470
3077
9476
9207
9474
9475
9206
10229
10066
10067
10064
10065
3252
2248
2249
2244
2245
2246
2247
2240
2241
2242
2243
10069
9209
9208
3401
3400
3403
3402
3405
3404
3407
3406
3409
3408
7537
4875
4874
4877
4876
4871
4870
4873
4872
7531
4879
4878
7530
2068
2069
2798
2799
10615
7533
10617
10616
2792
2793
2790
2791
2796
2797
2794
2795
12551
13140
13141
13142
13143
13144
13145
11614
13147
13148
13149
3256
9589
9780
9781
9782
9783
9784
9785
9786
9787
9788
5692
12553
12373
12554
5690
12555
9401
6178
8078
12728
8786
12727
5691
12969
12968
12726
12556
9400
12967
12966
12961
12725
12963
12898
7096
7097
7094
7095
7092
7093
7090
7091
12723
7098
7099
5696
4883
12721
12557
12894
12720
12897
8105
8104
1359
1358
469
468
8103
8102
465
464
467
466
1357
460
1355
1354
6958
6959
6488
6489
12558
12893
6482
6483
6480
6481
6486
6487
6484
6485
4885
10721
12559
8214
8361
8360
8363
8362
8365
8364
8367
8366
8369
8368
9064
11133
10288
10289
3184
3185
3186
3187
3180
3181
3182
3183
3188
3189
12092
11397
11396
4019
4018
11393
11392
11391
11390
4013
4012
4011
4010
4017
4016
4015
4014
5797
3988
3989
3984
3985
3986
3987
3980
3981
3982
3983
12607
5796
12158
1447
1446
1445
289
288
1444
281
1443
283
282
285
284
287
1442
1441
1116
3561
5793
2477
2476
2475
2474
2473
2472
2471
2470
8548
2479
2478
7874
7875
7876
7877
7870
7871
7872
7873
7878
7879
5791
6309
6308
6305
6304
6307
6306
6301
6300
6303
6302
10134
10135
10136
10137
10130
10131
10132
10133
10138
10139
10428
10429
9649
7695
9319
9318
9317
9316
9315
9314
9313
9312
9311
9310
8956
8957
8954
8955
8952
8953
8950
8951
8958
8959
11610
8544
2907
2906
1986
3215
3216
1985
3210
3211
3212
3213
1638
2134
2904
3218
3219
1988
1989
2909
11583
2815
2814
2817
707
2811
2810
2813
2812
560
561
562
563
2819
2818
566
567
5429
5428
3379
3378
5425
5424
5427
5426
3373
5420
5423
5422
12411
6686
12410
12413
12412
4248
4249
4246
4247
4244
4245
4242
4243
4240
4241
5520
5521
5522
5523
5524
5525
5526
5527
5528
5529
12416
48
49
46
47
44
45
42
43
40
41
8542
12447
4848
6547
6546
6545
6544
6543
6542
6541
6540
6549
6548
5310
12437
12436
7841
344
345
346
347
340
341
342
343
348
349
7519
7518
12107
12435
12106
12105
6150
6151
6152
6153
6154
2132
6156
6157
6158
6159
12102
10967
8307
10965
10964
10963
10962
10961
8306
12100
8305
10969
10968
4831
8304
4526
3237
4833
8302
12433
4524
8301
4835
8300
4834
4837
8758
4836
12432
8759
4784
8208
8209
8754
2268
2269
8755
2262
2263
2260
2261
2266
2267
2264
2265
8205
9438
8750
11836
9439
11269
8751
11634
11268
8752
11635
11865
12430
8753
9434
8303
2046
2047
2044
2045
2042
2043
2040
2041
11630
4819
4818
11089
2048
2049
9410
9411
9412
9413
9414
9415
9416
9417
9418
9419
10635
10634
10633
10632
10631
10630
9616
11948
9617
11946
11947
11944
11945
11942
9614
11940
11941
9615
11082
9612
11081
9613
11080
8230
9610
7629
9611
10167
11072
10166
11084
8237
9763
11073
10161
9619
8236
10092
10091
10090
10097
10096
10095
10094
10099
10098
11070
8235
12949
12948
12943
12942
8682
12156
8234
12946
12945
12944
1365
7078
7079
7074
7075
7076
7077
7070
7071
7072
7073
12994
8683
6976
6977
6974
6975
6972
6973
6970
6971
12499
12498
8169
8168
12595
6978
6979
12995
8680
12068
11074
9659
8681
8389
8388
8387
8386
8385
8384
8383
8382
8381
8380
12060
8686
12061
12062
4389
4388
4383
4382
4381
4380
4387
4386
4385
4384
407
406
405
1372
1375
1374
1377
400
1379
1378
12067
409
408
8684
4031
4030
4033
4032
4035
4034
4037
4036
4039
4038
8173
11379
11378
11375
11374
11377
11376
8685
11370
11373
11372
8174
9879
11181
9872
5498
5499
11152
2459
2458
2455
2454
2457
2456
2451
2450
2453
2452
7852
7853
7850
7851
7856
7857
7854
7855
7858
7859
656
657
654
6369
655
6363
3089
6361
6360
6367
6366
6365
3088
9335
9292
9337
9336
9331
650
9333
9293
10408
10409
10158
651
9339
9290
4982
9629
9291
9623
9296
9621
9620
9627
1508
9625
9297
1509
9294
5496
9295
1601
658
1600
3082
1603
3226
5497
1605
1604
1607
1606
3232
3233
3230
3231
1968
1969
1618
1619
1616
1617
3238
3239
1612
1613
1610
1611
2873
2872
2871
2870
2877
2876
2875
2874
2879
2878
3355
3354
3357
3356
3351
3350
3353
3352
3359
3358
5449
5448
11119
5443
5442
5441
5440
5447
5446
5445
5444
5493
11118
5508
5509
5506
5507
5504
5505
5502
5503
5500
5501
542
543
540
541
546
547
544
545
548
549
11619
6155
5476
12791
6569
6568
5477
6565
6564
6567
6566
6561
5474
6563
6562
7687
7686
7685
5475
7683
7682
7681
7680
5472
5136
7689
5473
3827
3826
3825
3824
3823
3822
3821
3820
5471
5001
3829
3828
8444
8445
8446
5000
8440
8441
8442
8443
5007
8448
8449
5006
5005
5004
12746
7539
7538
368
369
366
367
364
365
362
363
360
361
5008
1945
9158
5133
6179
6176
6177
6174
6175
6172
6173
6170
6171
10989
10988
10985
10984
10987
10986
10981
10980
10983
10982
7052
6511
9237
9483
9482
3217
7902
2200
2201
2202
2203
2204
2205
2206
2207
2208
2209
9486
11586
11587
11584
11585
11582
9485
11580
11581
9484
11588
11589
12240
12804
12741
12241
4428
4429
12244
12245
4839
4838
12246
4529
4528
4527
4830
4525
4832
4523
4522
4521
4520
7993
7992
7991
7990
7997
7996
7995
7994
9436
9437
7999
7998
9432
4420
9430
9431
4421
12619
5298
5299
5296
5297
5294
5295
5292
5293
5290
5291
12617
12616
12615
12614
12613
11529
8141
12611
8140
12610
8143
8142
8145
8144
8147
8146
7337
7336
7335
7334
7333
7332
7331
7330
9555
9298
9299
7339
7338
11964
11965
11966
11967
11960
11961
11962
11963
11968
11969
12921
12920
12923
12922
12925
12924
12927
12926
12929
12928
12294
10215
10214
10217
10216
10211
10210
10213
5510
9481
10219
10218
7058
7059
5697
7053
7050
7051
7056
7057
7054
7055
9480
9026
5516
8149
8148
6998
6999
8639
8638
6994
6995
6996
6997
6990
6991
6992
6993
9487
2998
2999
59
58
55
54
57
56
51
50
53
52
2990
2991
2992
2993
2994
2995
9999
9998
2996
9372
9991
9990
9993
2997
9995
9994
9997
9996
11036
11037
11034
11035
11032
11033
11030
11031
11038
11039
429
428
1399
1398
421
420
423
422
425
424
427
426
854
12419
855
856
857
850
851
11359
11358
852
11353
11352
11351
853
11357
11356
11355
11354
1422
8259
1425
8258
12086
2330
1424
2331
11750
2332
2333
2334
2335
12448
2336
4713
6699
6698
6693
6692
6691
6690
6697
6696
6695
6694
2439
2438
2433
2432
2431
2430
2437
2436
2435
2434
7838
7839
9397
7830
7831
7832
7833
7834
7835
7836
7837
6341
6340
6343
6342
6345
6344
6347
6346
6349
6348
9353
9352
9351
9350
9357
9356
9355
9354
9609
9608
5470
9358
10174
10175
10176
10177
3782
1806
1805
3781
1803
3787
3784
1800
8992
8993
3788
3789
8996
8997
1809
1808
4996
4997
4994
4995
4992
4993
4990
4991
4998
4999
1547
6517
3258
3259
1948
1949
1942
1943
1940
1941
1946
1947
1944
3257
12865
2859
2858
2851
2850
2853
2852
2855
2854
2857
2856
5461
5460
1492
5462
1494
1495
1496
1396
1498
1499
3339
3338
1395
1394
1393
9644
1392
1391
1390
12519
11861
11860
11863
524
525
526
527
520
521
522
523
8930
528
529
11864
1234
1235
1236
1237
1230
1231
1232
1233
11866
1238
1239
8286
8287
8284
1964
8282
8283
8280
8281
12627
8288
8289
6509
6508
2488
6503
6502
6501
2489
6507
6506
6505
6504
9359
4677
4900
12815
4675
2485
3809
3808
3805
3804
3807
3806
3801
3800
3803
3802
8462
8463
8460
8461
8466
4907
8464
8465
8468
2481
9642
1967
7559
7558
7553
7552
7551
7550
7557
7556
7555
7554
12434
11176
4174
4175
4176
4177
4170
4171
4172
4173
1961
4178
4179
7395
11350
1962
7397
7396
10741
7391
7390
7393
2228
2229
2226
2227
2224
2225
2222
2223
2220
2221
1
5925
5926
5927
5920
5921
5922
5923
5928
5929
10726
7399
8113
7398
4505
4504
4507
4506
4501
4500
4503
4502
10722
4509
4508
2088
2089
2082
2083
2080
2081
2086
2087
2084
2085
11658
11659
11652
11653
11650
11651
11656
11657
11654
11655
9005
10193
11895
12817
9133
9132
12738
7319
7318
12739
7315
7314
7317
7316
7311
7310
7313
7312
11902
11903
11900
11901
11906
11907
11904
11905
11908
11909
12309
12308
12909
12908
12907
12906
9130
12904
12903
12902
12901
12900
7030
7031
7032
7033
7034
7035
7036
7037
7038
7039
10239
10238
9018
9019
10876
12733
9137
12734
12735
12736
12737
12885
9136
7788
7789
7786
7787
7784
7785
7782
7783
7780
7781
9135
1009
1008
1007
1006
1005
1004
1003
1002
1001
1000
9134
4349
4348
4347
4346
4345
4344
4343
4342
4341
4340
11018
11019
11014
11015
11016
11017
11010
11011
11012
11013
8615
8614
8617
8616
8611
8610
8613
8612
8619
8618
8014
11331
11330
11333
11332
11335
11334
11337
11336
11339
11338
5719
5718
5717
5716
5715
5714
5713
5712
5711
5710
9586
9271
9587
11488
11487
11486
11485
11484
11483
11482
11481
11480
12473
9272
9584
12130
12472
9273
12628
9585
12471
9274
12681
12682
12683
12684
12685
12686
12687
12688
12689
10826
3575
10824
10825
10822
10823
10820
5091
12470
3577
9275
10829
7816
7817
7814
3576
7812
7813
7810
7811
3571
7818
3570
3573
12477
3572
9276
2666
2667
9588
2664
2665
12476
2662
9277
2663
9379
9378
2660
9371
9370
9373
2661
9375
9374
9377
9376
12475
1829
1828
1825
1824
1827
1826
1821
1820
1823
1822
2147
2146
2413
2412
4978
4979
2417
2140
4974
2418
4976
4977
4970
4971
4972
4973
12485
1920
1921
3274
3275
3272
1925
3270
3271
1928
1929
3278
3279
5586
2935
5587
5584
10160
3319
3318
5585
5489
5488
3311
3310
3313
3312
3315
3314
3317
3316
5580
5581
12402
12403
11898
12400
11899
12177
12401
7515
12406
12407
60
61
62
63
64
65
66
67
68
69
12405
10549
11892
508
509
506
507
504
505
502
503
500
501
1212
1213
1210
633
1216
1217
636
637
638
639
1218
1219
6521
6520
6523
6522
6525
6524
6527
6526
6529
6528
8266
8267
8260
8261
8262
8263
10691
8276
3869
3868
3863
3862
3861
3860
3867
3866
3865
3864
8408
8409
8400
8401
8402
8403
8404
8405
8406
8407
7571
7570
7573
7572
7575
7574
7577
7576
7579
7578
9816
9817
9810
9811
9812
9813
8814
12110
12111
12112
12113
12114
12115
4152
4153
4150
4151
4156
4157
4154
4155
4158
4159
13031
12118
12119
8336
8334
8218
8335
8138
11097
8338
11649
8339
11648
8748
5902
5903
5900
5901
5906
5907
5904
5905
5908
5909
8745
3489
3488
8744
3481
3480
3483
3482
3485
3484
3487
3486
4563
4562
4561
4560
4567
4566
4565
4564
4569
4568
11643
11670
11671
11672
11642
11674
11675
11676
11677
11678
11645
11644
11647
11646
9601
6553
9600
9603
9602
9190
9605
9604
9607
9606
6064
6065
6066
6067
6060
6061
6062
6063
6068
6069
2604
2605
2606
2607
2600
2601
2602
2603
2608
2609
10783
10782
10781
10780
10039
10038
10785
10784
10035
10034
10037
10036
10031
10030
10033
10032
5451
7379
7378
7373
7372
7371
7370
7377
7376
7375
7374
11928
11929
12321
12320
12327
12326
12325
12324
11920
10183
11922
11923
11924
11925
11926
11927
9032
9033
9030
9031
9036
9037
7018
7019
7016
7017
7014
7015
7012
5453
7010
7011
732
5454
8132
753
1807
751
750
757
756
755
754
9157
759
758
3780
1804
2958
2959
738
2954
5455
2956
2957
2950
2951
2952
1802
1025
1024
1027
5347
5340
1801
5342
1022
3785
1029
1028
10071
5456
10328
8990
4365
4364
4367
4366
4361
4360
4363
4362
4369
4368
5457
8995
11078
11079
3108
3109
3104
3105
3106
3107
3100
3101
3102
3103
8673
8672
8671
8670
5
8676
8675
8674
8679
8678
4093
4092
4091
4090
4097
4096
4095
4094
4099
4098
5735
5734
5737
5736
5731
5730
5733
5732
11317
11316
11315
11314
5739
5738
11311
11310
9868
12170
12069
9860
8097
8096
8095
8094
8093
8092
8091
8090
12529
12528
8099
8098
8898
11145
6659
6658
6657
6656
6655
6654
6653
6652
6651
6650
9159
10809
10804
10805
10806
10807
10800
10801
10802
10803
12171
6385
6384
6387
6386
6381
6380
6383
6382
11149
6389
6388
2381
2380
2383
2382
2385
2384
2387
2386
2389
2388
9289
9288
12121
1849
1848
1843
1842
1841
1840
1847
1846
1845
1844
3250
4958
4959
2169
2168
3251
4952
4953
4950
4951
4956
4957
4954
2162
3253
2129
12718
3254
3255
3298
3299
5139
5138
5137
3295
5135
3297
3290
5132
3292
5130
12063
11914
12064
12547
12546
12545
12065
12544
12543
12542
11228
12541
12540
12066
6891
6890
6893
6892
6895
6894
6897
6896
6899
6898
1735
10308
10906
12549
12548
12938
1278
1279
618
619
1270
1271
1272
611
616
617
1276
1277
8798
8799
8248
8249
8242
8243
8240
8241
8246
8247
8244
8245
1490
3332
3331
10908
1493
3337
3336
8426
8427
8424
8425
8422
3335
8420
8421
3334
8428
8429
5469
9123
5468
10659
9125
9838
9839
3595
7599
7598
7597
7596
7595
5039
7593
7592
7591
7590
10307
9129
3599
3598
10651
10302
10653
10300
4138
4139
4130
4131
4132
4133
4134
4135
4136
4137
3841
3840
3843
3842
3845
3844
3847
3846
3849
3848
5698
5699
7912
7910
5968
5969
5960
5961
5962
5963
5964
5965
5966
5967
4549
4548
4541
4540
4543
4542
4545
4544
4547
4546
12608
11698
11550
11696
11697
11694
11695
11692
11693
11690
11691
1073
2594
2595
2596
2597
2590
2591
2592
2593
11556
2598
2599
12600
12601
1070
12602
11875
12603
12604
12605
6042
6043
6040
1343
6046
6047
6044
6045
6048
6049
8600
2622
2623
2620
2621
2626
2627
2624
2625
8606
2628
2629
8607
7351
7350
7353
7352
7355
7354
7357
7356
7359
7358
9236
8605
9230
9231
9232
9233
12349
12348
8204
12341
12340
12343
12342
12345
12344
12347
12346
10277
10276
10275
10274
10273
10272
10271
10270
10279
10278
9058
9059
9050
9051
9052
9053
9054
9055
9056
9057
775
774
777
776
771
770
773
772
779
778
77
76
75
74
73
72
71
70
2972
2973
2970
2971
2976
2977
79
78
1043
5363
1041
1040
1047
1046
1045
1044
1049
1048
12606
4303
4302
4301
4300
4307
4306
4305
4304
4309
4308
11050
11051
11052
11053
11054
11055
11056
11057
11058
11059
3128
3129
3122
3123
3120
3121
3126
3127
3124
3125
8659
8658
8651
8650
8653
8652
8655
8654
8657
8656
12729
5753
5752
5751
5750
5757
5756
5755
5754
5759
5199
3445
4609
3444
12445
3447
862
865
864
3443
3442
12178
12503
2756
12501
12500
12507
12506
12505
2757
12509
12508
2754
7434
7435
7436
2755
7430
7431
7432
7433
2752
7438
7439
2753
2323
2750
2322
2023
4604
2321
6675
6674
6677
2320
6671
6670
6673
6672
2327
6679
6678
2326
4701
10173
12438
2324
10868
8285
10862
10863
10860
10861
10866
10867
10864
10865
5197
12722
4708
12220
5196
12179
2369
2368
2367
2366
2365
2364
2363
2362
2361
2360
11003
5191
1861
1860
1863
1862
1865
3729
1867
1866
3724
3725
3726
3727
3720
3721
3722
3723
4686
4687
4684
4685
4682
4683
4936
4937
4938
4939
4688
4689
11735
11734
2109
2108
11731
11730
11733
11732
2103
2102
2101
2100
2107
2106
2105
2104
5115
5114
5117
5116
5111
5110
5113
5112
11201
5119
5118
1717
5192
10488
10489
9
10481
10482
10483
10484
10485
10486
10487
890
891
892
893
894
895
896
897
898
899
11579
9885
1788
1789
1780
1781
1782
1783
1784
1785
1786
1787
6879
6878
6877
6876
6875
6874
6873
6872
6871
6870
11872
11873
11870
11871
11876
11877
8220
8221
8222
8223
678
679
8226
8227
674
675
676
677
670
671
672
673
7609
7608
7607
7606
7605
7604
7603
7602
7601
7600
2491
2490
9179
2493
8467
2492
2495
1965
2494
9850
9851
9852
9853
9854
2497
9856
9857
9858
9859
9178
2496
8469
11348
11349
1524
1525
1526
1527
1252
1521
1522
1523
1528
1529
1258
1259
4116
4117
4114
4115
4112
4113
4110
4111
11773
4118
4119
11525
7895
11775
11774
7103
9175
11777
11776
3340
10048
10049
9261
9260
7109
3341
5946
5947
5944
5945
1966
5943
5940
5941
11506
9883
11504
10739
11502
11503
5948
5949
10040
10041
9269
9268
10044
10045
10046
10047
12415
12620
10758
12621
11523
10759
12626
6028
6029
6020
6021
6022
6023
6024
6025
6026
6027
2648
2649
10073
10072
10075
10074
10077
10076
2640
2641
2642
2643
2644
2645
2646
2647
9218
9219
9212
9213
9210
9211
9216
9217
9214
9215
12367
12366
12365
12364
12363
12362
12361
12360
12369
12368
9234
10679
9076
9077
9074
9075
9072
9073
9070
9071
10295
10294
10297
10296
10291
10290
9078
9079
10678
3557
3556
3555
3554
3553
3552
3551
3550
3559
3558
2910
2911
2912
2913
2914
2915
719
2917
2918
2919
715
714
713
712
711
710
9881
10298
5308
5309
5300
5301
5302
5303
5304
5305
5306
5307
13016
13017
13014
13015
13012
13013
13010
13011
6956
13018
13019
4329
4328
12700
4321
4320
4323
4322
4325
4324
4327
4326
3140
3141
3142
3143
3144
3145
3146
3147
3148
3149
12703
10673
10752
1630
12702
9156
5779
5778
10753
5771
5770
5773
5772
5775
1631
5777
5776
12705
9880
10671
10754
9010
1632
12704
10670
10755
1633
12569
12568
12561
12560
10677
12562
12565
12564
12567
12566
7412
7413
7410
7411
7416
7417
7414
1634
7418
7419
10676
10757
6613
6612
6611
6610
6617
1635
6615
6614
6619
6618
10840
10841
10842
10843
10844
10845
10675
10847
10848
10849
3500
1636
3501
3502
3503
10674
10292
3504
9011
3505
12198
1637
3506
12190
12191
12192
3507
12194
12195
12196
12197
2345
2344
2347
2346
2341
2340
2343
2342
2349
2348
10738
12697
2067
3708
3709
1889
1888
1887
1886
3700
1884
1883
1882
3704
3705
2121
2120
2123
2122
2125
2124
4918
4919
4916
4917
4914
4915
4912
4913
4910
4911
11713
11712
11711
6917
11717
11716
11715
11714
6910
11719
11718
6911
5173
5172
5171
5170
5177
5176
5175
5174
10737
5179
5178
133
132
131
130
137
136
135
134
139
138
5924
10734
9689
9688
12439
9681
9680
9683
9682
9685
9684
9687
9686
10735
12022
7254
7255
7256
7257
7250
7251
7252
7253
7258
7259
12023
6855
6854
6857
6856
6851
6850
6853
6852
10551
6859
6858
5339
88
89
82
83
80
81
86
87
84
85
9191
8804
8805
8806
8807
8800
8801
8802
8803
8808
8809
6583
6582
6581
6580
6587
6586
6585
6584
8206
8207
6589
6588
8202
8203
8200
8201
7625
7624
7627
7626
7621
7620
7623
7622
7128
7628
9193
7828
9192
8994
9878
7822
9876
9877
9874
9875
9195
9873
9870
9871
11155
11154
11157
11156
11151
11150
11153
3368
11159
11158
1502
1503
1500
1501
1506
1507
1504
1505
3085
3084
3087
3086
3081
3080
3083
659
3369
11850
9197
3885
3884
3887
3886
3881
3880
3883
3882
3889
3888
9196
2484
11524
8325
11526
11527
11520
11521
11522
8324
11528
8327
8326
8321
7123
8320
11853
8323
12103
8322
11854
1291
1296
10637
6006
6007
6004
6005
6002
6003
6000
6001
1297
6008
6009
10636
995
994
997
996
991
990
993
992
9278
9279
10055
10054
999
998
10051
10050
12389
12388
12647
12385
12384
12387
12386
12381
12380
12383
12382
9098
9099
9094
9095
9096
9097
9090
9091
9092
9093
11609
5098
5099
12641
3579
3578
5090
3574
5092
5093
5094
5095
5096
5097
4497
4496
4495
4494
4493
4492
4491
4490
4499
4498
2938
2939
2936
2937
2934
1397
2932
2933
2930
2931
5326
5327
5324
5325
5322
5323
5320
5321
11894
3799
11896
11897
11890
11891
5328
5329
12101
13038
13039
13034
13035
13036
13037
13030
3797
13032
13033
11094
11095
11096
1839
11090
11091
11092
11093
11098
11099
2161
3168
3169
3166
3167
3164
3165
3162
3163
3160
3161
2154
11874
2155
12584
2404
731
730
733
2405
735
734
737
736
739
2402
2151
4987
2401
11262
2006
12172
1274
10655
8567
8566
8565
8564
8563
8562
8561
8560
12819
12818
8569
8568
10654
7478
7479
7470
7471
7472
7473
7474
7475
7476
7477
10657
6639
6638
11170
6631
6630
6633
6632
6635
6634
6637
6636
10656
11178
4707
4706
4705
4704
4703
4702
2325
4700
2329
2328
4709
2009
3760
3761
3762
3763
3764
3765
3766
3767
3768
3769
1292
1792
1293
1290
2499
2498
4648
4649
10966
4642
4643
4640
4641
4646
4647
4644
4645
11779
11778
12895
1294
7898
7899
7896
7897
7894
1295
7892
7893
7890
7891
5159
5158
5151
5150
5153
5152
5155
5154
5157
5156
115
114
117
116
111
110
113
112
3244
119
118
12305
12304
12307
12306
12301
12300
12303
11505
12302
12896
8932
7272
7273
7270
7271
7276
7277
7274
7275
7278
7279
12552
8551
8556
8557
6833
6832
6831
6830
6837
6836
6835
6834
12890
6839
6838
10556
10557
10554
10555
10552
10553
10550
8005
8558
10558
10559
8559
8822
8823
8820
8821
8826
8827
8824
8825
8828
8003
12905
10913
11501
8778
8779
12892
10910
8772
8773
8770
8771
8776
8777
8774
8775
7643
7642
7641
7640
7647
7646
7645
7644
7649
7648
9014
9015
9016
9017
1748
1749
1744
1745
1746
1747
1740
1741
1742
1743
11608
7926
3308
7927
11500
3309
7924
5494
7925
5495
7922
3304
7923
11173
11172
11171
3305
11177
7920
11175
11174
5490
11179
7921
5491
1568
1569
1298
1299
5492
10311
1560
1561
1562
1563
1564
1565
1566
1567
10411
10313
10642
10315
10316
7462
10317
7460
5638
5639
5634
5635
5636
5637
5630
5631
5632
5633
8480
8481
8482
8483
8484
8485
8486
8487
8488
8489
7464
